Calculated Eigenvalues:
20.999999999999996
-8.000000000000002
-2.9999999999999996
0.9999999999999997

Eigenvalues from numpy eig function:
[21. -8. -3.  1.]
Computed eigenvectors:
[0.43151697 0.38357064 0.62330229 0.52740963]
[-0.38357064  0.43151697  0.52740963 -0.62330229]
[-0.77459667 -0.25819889  0.25819889  0.51639778]
[-0.25819889  0.77459667 -0.51639778  0.25819889]

Eigenvectors from numpy eig function:
[ 0.43151697  0.38357064 -0.77459667  0.25819889]
[ 0.38357064 -0.43151697 -0.25819889 -0.77459667]
[ 0.62330229 -0.52740963  0.25819889  0.51639778]
[ 0.52740963  0.62330229  0.51639778 -0.25819889]

Values computed by the program are comparable to numpy.linalg.eig function