m=4.088227358517516e-15
c=-1.7312358039813558
h (from millikans data)=6.549340228345061e-34
h (from wiki)=6.62607015e-34
error=1.1580004424634536%