
root1  =  (0.6180339887498989, 0.7861513777574233)
root2  =  (0.6180339887498989, -0.7861513777574233)
root3  =  (-1.618033988749895, 1.272019649514069j)
root4  =  (-1.618033988749895, (-0-1.272019649514069j))