Energy levels (in eV):

E0 = 0.3179317449471594
E1 = 1.2700485494635
E2 = 2.8509610764258118
E3 = 5.050301527346685
E4 = 7.849670568174935
E5 = 11.214849023154798